0
0
0
0
0
0
0
0
0
0
0
332.85630000000043
352.2616999999997
371.10939999999994
337.45530000000025
383.3825000000006
351.9627000000005
384.75830000000053
330.5075000000004
326.0439999999995
376.5457000000003
357.7221000000002
361.35110000000026
358.3658000000005
406.9672000000004
363.2074000000003
348.04320000000024
332.1443999999998
2786.7752
443.8310999999997
336.2949999999998
2558.0537000000004
416.10050000000064
402.68320000000114
407.18820000000113
388.56610000000023
379.26029999999946
3359.6926000000008
364.4255999999997
346.2695999999994
446.3939999999997
2722.8748000000005
362.56720000000087
346.17200000000014
420.88150000000013
357.59320000000014
348.7423000000005
367.80300000000034
351.9437999999999
404.1025999999999
370.1875999999995
374.2271000000006
373.71830000000017
361.7512999999999
364.26469999999966
352.68149999999923
419.22839999999974
376.11220000000054
402.93480000000056
381.8683000000007
372.01070000000016
409.1957000000006
432.4944999999998
399.34400000000016
428.02790000000005
420.4154
