79982.1666
70819.393
65692.09939999999
55413.3429
48198.9048
40379.12969999999
31170.225099999992
23297.554700000008
15838.128799999995
8047.087199999998
0
72119.71769999998
64574.61150000001
56052.2944
46556.1116
40030.70170000001
31143.84679999999
24123.894800000002
16193.559900000004
8073.636400000001
0
62753.706600000005
56008.9491
48102.55130000001
40156.76599999999
33013.488699999994
24554.955499999996
15565.188799999996
8109.512699999999
0
55214.71279999999
46316.616500000004
41008.136699999995
32121.15880000001
24087.734099999994
16410.8252
8073.001200000001
0
46523.175599999995
40389.735400000005
31793.895300000007
24212.588599999995
16052.209700000001
7758.613500000003
0
41707.0556
31129.6115
23324.990600000005
15576.719000000005
7866.8966999999975
0
31529.32310000001
24425.630099999995
16896.026899999997
8027.008200000002
0
23820.274799999985
15554.205399999999
8043.758499999996
0
15494.209200000003
7773.1362
0
7733.382300000001
0
0
