0
1697.12
1697.4877
1789.2365000000004
1768.8745000000008
1773.8239
1829.9651
1850.8443000000004
1882.2532999999994
1897.0399000000002
2333.8279
0
2048.6014999999993
1950.667899999999
5294.689
1847.036000000001
1907.9194
3962.884399999999
2073.1171
4202.2385
1969.4690999999996
0
3892.4360999999994
3869.526200000001
1811.7840000000003
1829.9540999999992
2040.2739000000008
1927.3821999999993
3925.0201999999986
2367.9213
0
3689.6328
1810.396599999999
3996.975299999999
4011.0747
4016.6953000000003
4084.080000000001
7130.9431
0
4209.140400000001
4024.964000000001
3815.6979
4035.2865000000006
1918.8291000000008
4068.0071000000007
0
1771.0862
1797.9905
1826.8447999999999
1845.1315
1886.9338000000005
0
1752.4278000000004
4140.1532
4079.2374999999997
4077.0775
0
1784.1236000000001
1877.1921999999997
3959.098699999999
0
4062.139800000001
3868.1197999999995
0
3909.7105
0
