95740.7611
86562.67169999998
81442.28959999997
71115.02720000004
63914.25200000004
56086.92379999997
46909.64640000004
39009.84270000004
31596.74080000002
23741.91859999996
8016.136800000027
87854.24820000003
80329.51879999996
71837.71489999992
62328.996699999945
55764.91720000001
46869.231199999944
39844.528999999966
31925.01110000012
23784.412900000007
10844.808700000158
78514.07210000002
71750.92059999997
63825.17489999987
55883.898799999995
48741.07299999992
40288.294299999965
31317.085700000007
23844.254200000025
11382.474600000023
70924.1411999999
62098.94160000022
56731.46620000011
47851.1082
39797.212499999885
32131.14100000007
23756.133300000103
16443.77950000012
62275.63189999978
56125.216100000216
47519.264999999905
39936.475799999695
31766.975900000034
23497.78249999963
11744.205700000293
57408.3427999999
46879.868900000016
39048.86370000031
31285.021400000005
23584.75670000007
10987.622800000281
47246.96170000016
40133.53499999994
32604.20480000039
23729.685500000414
11609.576199999992
39512.88669999986
31260.33690000031
23764.31010000033
11579.92779999995
31213.15910000021
23527.44339999981
10445.039400000041
23425.823300000047
10838.919199999964
4654.905400000189
